year,chip_name,vendor,launch_date,memory_gb,fp16_tflops,tdp_watts,estimated_shipments_units,estimated_asp_usd,estimated_revenue_usd_m,description
2020,27,8,0,32,100,300,6128,15000,91.9,28
2021,27,8,0,32,100,300,2719,15000,40.8,28
2022,27,8,0,32,100,300,3098,15000,46.5,28
2023,27,8,0,32,100,300,2572,15000,38.6,28
2024,27,8,0,32,100,300,3437,15000,51.6,28
2025,27,8,0,32,100,300,2504,15000,37.6,28
2026,27,8,0,32,100,300,2873,15000,43.1,28
2020,20,8,3,40,312,400,32054,15000,480.8,4
2021,20,8,3,40,312,400,204990,15000,3074.8,4
2022,20,8,3,40,312,400,145343,15000,2180.1,4
2023,20,8,3,40,312,400,76814,15000,1152.2,4
2024,20,8,3,40,312,400,28956,15000,434.3,4
2025,20,8,3,40,312,400,26870,15000,403.1,4
2026,20,8,3,40,312,400,32264,15000,484.0,4
2023,24,8,8,80,989,700,582977,30000,17489.3,16
2024,24,8,8,80,989,700,2466989,30000,74009.7,16
2025,24,8,8,80,989,700,1874943,30000,56248.3,16
2026,24,8,8,80,989,700,1126912,30000,33807.4,16
2024,25,8,15,141,989,700,115829,32000,3706.5,15
2025,25,8,15,141,989,700,573022,32000,18336.7,15
2026,25,8,15,141,989,700,487597,32000,15603.1,15
2023,26,8,9,48,362,350,51592,15000,773.9,3
2024,26,8,9,48,362,350,327147,15000,4907.2,3
2025,26,8,9,48,362,350,359171,15000,5387.6,3
2026,26,8,9,48,362,350,120445,15000,1806.7,3
2024,21,8,21,192,2250,1000,5165,35000,180.8,7
2025,21,8,21,192,2250,1000,126650,35000,4432.8,7
2026,21,8,21,192,2250,1000,86084,35000,3012.9,7
2024,23,8,21,384,5000,2700,2564,65000,166.7,6
2025,23,8,21,384,5000,2700,45968,65000,2987.9,6
2026,23,8,21,384,5000,2700,40186,65000,2612.1,6
2025,22,8,26,288,3500,1400,0,40000,0.0,5
2026,22,8,26,288,3500,1400,888,40000,35.5,5
2021,0,0,5,128,383,500,23,15000,0.3,8
2022,0,0,5,128,383,500,1030,15000,15.4,8
2023,0,0,5,128,383,500,713,15000,10.7,8
2024,0,0,5,128,383,500,354,15000,5.3,8
2025,0,0,5,128,383,500,122,15000,1.8,8
2026,0,0,5,128,383,500,159,15000,2.4,8
2023,1,0,12,192,1300,750,0,18000,0.0,9
2024,1,0,12,192,1300,750,414143,18000,7454.6,9
2025,1,0,12,192,1300,750,369849,18000,6657.3,9
2026,1,0,12,192,1300,750,162122,18000,2918.2,9
2024,2,0,20,256,1300,1000,2651,22000,58.3,22
2025,2,0,20,256,1300,1000,52331,22000,1151.3,22
2026,2,0,20,256,1300,1000,39454,22000,868.0,22
2025,3,0,23,288,1850,1000,138,15000,2.1,10
2026,3,0,23,288,1850,1000,1393,15000,20.9,10
2020,10,5,1,32,123,220,747,15000,11.2,19
2021,10,5,1,32,123,220,361,15000,5.4,19
2022,10,5,1,32,123,220,160,15000,2.4,19
2023,10,5,1,32,123,220,155,15000,2.3,19
2024,10,5,1,32,123,220,121,15000,1.8,19
2025,10,5,1,32,123,220,177,15000,2.7,19
2026,10,5,1,32,123,220,147,15000,2.2,19
2021,11,5,4,32,275,170,148,15000,2.2,26
2022,11,5,4,32,275,170,1195,15000,17.9,26
2023,11,5,4,32,275,170,878,15000,13.2,26
2024,11,5,4,32,275,170,330,15000,5.0,26
2025,11,5,4,32,275,170,195,15000,2.9,26
2026,11,5,4,32,275,170,165,15000,2.5,26
2023,12,5,10,16,197,170,59908,15000,898.6,13
2024,12,5,10,16,197,170,761631,15000,11424.5,13
2025,12,5,10,16,197,170,491607,15000,7374.1,13
2026,12,5,10,16,197,170,238991,15000,3584.9,13
2023,13,5,12,96,459,170,0,0,0.0,23
2024,13,5,12,96,459,170,272799,0,0.0,23
2025,13,5,12,96,459,170,214821,0,0.0,23
2026,13,5,12,96,459,170,100220,0,0.0,23
2024,14,5,17,32,926,200,46633,0,0.0,0
2025,14,5,17,32,926,200,305904,0,0.0,0
2026,14,5,17,32,926,200,237500,0,0.0,0
2025,15,5,25,64,1500,300,0,15000,0.0,27
2026,15,5,25,64,1500,300,801,15000,12.0,27
2024,5,1,22,96,650,500,0,15000,0.0,2
2025,5,1,22,96,650,500,67686,15000,1015.3,2
2026,5,1,22,96,650,500,82503,15000,1237.5,2
2022,4,1,7,32,190,175,0,15000,0.0,1
2023,4,1,7,32,190,175,182522,15000,2737.8,1
2024,4,1,7,32,190,175,111438,15000,1671.6,1
2025,4,1,7,32,190,175,66238,15000,993.6,1
2026,4,1,7,32,190,175,21199,15000,318.0,1
2024,9,4,14,0,1250,23000,228,2500000,570.0,29
2025,9,4,14,0,1250,23000,1116,2500000,2790.0,29
2026,9,4,14,0,1250,23000,746,2500000,1865.0,29
2024,16,6,13,230,750,350,8709,15000,130.6,17
2025,16,6,13,230,750,350,25845,15000,387.7,17
2026,16,6,13,230,750,350,25084,15000,376.3,17
2023,28,9,11,1500,510,300,258,15000,3.9,25
2024,28,9,11,1500,510,300,3312,15000,49.7,25
2025,28,9,11,1500,510,300,3199,15000,48.0,25
2026,28,9,11,1500,510,300,1070,15000,16.1,25
2024,29,10,18,32,745,300,81,15000,1.2,24
2025,29,10,18,32,745,300,861,15000,12.9,24
2026,29,10,18,32,745,300,883,15000,13.2,24
2020,17,7,2,32,256,310,1077,15000,16.2,18
2021,17,7,2,32,256,310,812,15000,12.2,18
2022,17,7,2,32,256,310,337,15000,5.1,18
2023,17,7,2,32,256,310,168,15000,2.5,18
2024,17,7,2,32,256,310,124,15000,1.9,18
2025,17,7,2,32,256,310,178,15000,2.7,18
2026,17,7,2,32,256,310,230,15000,3.5,18
2023,18,7,10,64,512,392,31695,15000,475.4,14
2024,18,7,10,64,512,392,327421,15000,4911.3,14
2025,18,7,10,64,512,392,222897,15000,3343.5,14
2026,18,7,10,64,512,392,91465,15000,1372.0,14
2024,19,7,19,64,800,450,3425,20000,68.5,20
2025,19,7,19,64,800,450,42439,20000,848.8,20
2026,19,7,19,64,800,450,32195,20000,643.9,20
2021,8,3,6,16,256,250,32,15000,0.5,11
2022,8,3,6,16,256,250,1041,15000,15.6,11
2023,8,3,6,16,256,250,846,15000,12.7,11
2024,8,3,6,16,256,250,381,15000,5.7,11
2025,8,3,6,16,256,250,146,15000,2.2,11
2026,8,3,6,16,256,250,173,15000,2.6,11
2024,6,2,16,16,38,23,174,15000,2.6,12
2025,6,2,16,16,38,23,1082,15000,16.2,12
2026,6,2,16,16,38,23,776,15000,11.6,12
2025,7,2,24,16,60,28,47,15000,0.7,21
2026,7,2,24,16,60,28,809,15000,12.1,21
